-- // converted using mech's animoduler
local cfr = CFrame.new

return {{tm=0;["Torso"]={cf=cfr(0,0,0,1,0,0,0,.964,-.266,0,.266,.964);es="Linear";ed="In";};["Head"]={cf=cfr(0,0,0,1,0,0,0,1,0,0,0,1);es="Linear";ed="In";};["Left Leg"]={cf=cfr(0,0,0,.434,-.901,0,.901,.434,0,0,0,1);es="Linear";ed="In";};["Right Arm"]={cf=cfr(0,0,0,-.321,-.947,0,.947,-.321,0,0,0,1);es="Linear";ed="In";};["Right Leg"]={cf=cfr(0,0,0,.956,.292,0,-.292,.956,0,0,0,1);es="Linear";ed="In";};["Left Arm"]={cf=cfr(0,0,0,-.252,.968,0,-.968,-.252,0,0,0,1);es="Linear";ed="In";};};{tm=.033;["Right Arm"]={cf=cfr(0,0,0,-.389,-.921,0,.921,-.389,0,0,0,1);es="Linear";ed="In";};["Left Arm"]={cf=cfr(0,0,0,-.324,.946,0,-.946,-.324,0,0,0,1);es="Linear";ed="In";};};{tm=.067;["Right Arm"]={cf=cfr(0,0,0,-.209,-.978,0,.978,-.209,0,0,0,1);es="Linear";ed="In";};["Left Arm"]={cf=cfr(0,0,0,-.116,.993,0,-.993,-.116,0,0,0,1);es="Linear";ed="In";};};{tm=.1;["Head"]={cf=cfr(0,0,0,-.935,-.356,0,.356,-.935,0,0,0,1);es="Linear";ed="In";};["Right Arm"]={cf=cfr(0,0,0,.029,-1,0,1,.029,0,0,0,1);es="Linear";ed="In";};["Left Arm"]={cf=cfr(0,0,0,-.187,.982,0,-.982,-.187,0,0,0,1);es="Linear";ed="In";};};{tm=.133;["Head"]={cf=cfr(0,0,0,-.784,.62,0,-.62,-.784,0,0,0,1);es="Linear";ed="In";};["Right Arm"]={cf=cfr(0,0,0,-.134,-.991,0,.991,-.134,0,0,0,1);es="Linear";ed="In";};["Left Arm"]={cf=cfr(0,0,0,.032,.999,0,-.999,.032,0,0,0,1);es="Linear";ed="In";};};{tm=.15;["Left Leg"]={cf=cfr(0,0,0,.104,-.995,0,.995,.104,0,0,0,1);es="Linear";ed="In";};["Right Leg"]={cf=cfr(0,0,0,.772,.635,0,-.635,.772,0,0,0,1);es="Linear";ed="In";};};{tm=.167;["Right Arm"]={cf=cfr(0,0,0,-.247,-.969,0,.969,-.247,0,0,0,1);es="Linear";ed="In";};["Left Arm"]={cf=cfr(0,0,0,-.056,.998,0,-.998,-.056,0,0,0,1);es="Linear";ed="In";};};{tm=.2;["Right Arm"]={cf=cfr(0,0,0,-.319,-.948,0,.948,-.319,0,0,0,1);es="Linear";ed="In";};["Left Arm"]={cf=cfr(0,0,0,-.154,.988,0,-.988,-.154,0,0,0,1);es="Linear";ed="In";};};{tm=.233;["Right Arm"]={cf=cfr(0,0,0,-.265,-.964,0,.964,-.265,0,0,0,1);es="Linear";ed="In";};["Left Arm"]={cf=cfr(0,0,0,-.294,.956,0,-.956,-.294,0,0,0,1);es="Linear";ed="In";};};{tm=.267;["Right Arm"]={cf=cfr(0,0,0,-.148,-.989,0,.989,-.148,0,0,0,1);es="Linear";ed="In";};["Left Arm"]={cf=cfr(0,0,0,-.277,.961,0,-.961,-.277,0,0,0,1);es="Linear";ed="In";};};{tm=.3;["Torso"]={cf=cfr(0,0,0,1,0,0,0,.964,-.266,0,.266,.964);es="Linear";ed="In";};["Head"]={cf=cfr(0,0,0,1,0,0,0,1,0,0,0,1);es="Linear";ed="In";};["Left Leg"]={cf=cfr(0,0,0,.434,-.901,0,.901,.434,0,0,0,1);es="Linear";ed="In";};["Right Arm"]={cf=cfr(0,0,0,-.321,-.947,0,.947,-.321,0,0,0,1);es="Linear";ed="In";};["Right Leg"]={cf=cfr(0,0,0,.956,.292,0,-.292,.956,0,0,0,1);es="Linear";ed="In";};["Left Arm"]={cf=cfr(0,0,0,-.252,.968,0,-.968,-.252,0,0,0,1);es="Linear";ed="In";};};}
